15
 
 C         8.745000       -0.408000       -0.000000
 C         7.495000        0.475000        0.000000
 C         6.246000       -0.408000       -0.000000
 C         4.997000        0.475000        0.000000
 C         3.748000       -0.408000       -0.000000
 C         2.498000        0.475000        0.000000
 C         1.249000       -0.408000       -0.000000
 C        -0.000000        0.475000        0.000000
 C        -1.249000       -0.408000        0.000000
 C        -2.498000        0.475000       -0.000000
 C        -3.748000       -0.408000        0.000000
 C        -4.997000        0.475000       -0.000000
 C        -6.246000       -0.408000        0.000000
 C        -7.495000        0.475000       -0.000000
 C        -8.745000       -0.408000        0.000000
 
